23
35
42
3
3
6
197
13
5
57
1
595
7
21
36
41
33
23
21
30
6
17
34
26
25
38
95
54
170
345
297
70
74
17
23
13
14
20
25
20
709
4
891
49
38
36
45
50
93
19
70
890
31
88
57
33
27
12
280
137
1
33
99
58
9
8
9
146
86
193
525
8
7
3
3
9
17
25
33
41
4
9
3
3
137
96
79
137
128
118
108
98
9
525
30
5
38
414
284
34
98
1814
162
4
150
18
1297
101
26
66
6
160
538
116
181
115
178
171
122
114
113
117
548
3
3
51
3
42
42
76
9
35
76
9
91
76
9
16
24
13
10
14
11
157
348
229
2623
374
285
286
295
283
282
275
285
285
289
294
285
206
206
211
211
193
278
210
207
340
273
256
207
209
206
212
220
204
205
279
211
205
247
214
212
206
199
213
206
231
264
265
264
222
211
265
376
1482
60
3
83
35
94
20
43
64
44
27
15
125
25
19
188
9
208
27
39
48
21
25
243
87
80
50
17
1
51
20
35
5
13
4
43
162
22
8
29
17
12
18
19
8
20
12
129
23
595
284
595
57
595
99